p_pid	p_vrt	      p_sum_exe_rt   n_pid    n_vrt  	n_sum_exe_rt|	prev_tslice next_tslice  CPU
 11538 ,     17637934561,           69218,     32 ,               0,       42431993, | ,      69218 ,     22114 
 11538 ,     18207639931,         5793308,  11540 ,     18202426922,          14740, | ,    5724090 ,      8664 
 11538 ,     18207642694,         5796071,  11539 ,     18202537028,         125901, | ,       2763 ,     86879 
 11538 ,     18207645170,         5798547,  11539 ,     18202542459,         131332, | ,       2476 ,      5431 
 11538 ,     18207646974,         5800351,  11539 ,     18202546626,         135499, | ,       1804 ,      4167 
 11538 ,     18207648949,         5802326,  11539 ,     18202551036,         139909, | ,       1975 ,      4410 
 11538 ,     18207650608,         5803985,  11539 ,     18202555003,         143876, | ,       1659 ,      3967 
 11538 ,     18207652166,         5805543,  11539 ,     18202559215,         148088, | ,       1558 ,      4212 
 11538 ,     18207653565,         5806942,  11539 ,     18202563072,         151945, | ,       1399 ,      3857 
 11538 ,     18207655511,         5808888,  11539 ,     18202566856,         155729, | ,       1946 ,      3784 
 11538 ,     18207657969,         5811346,  11539 ,     18202570886,         159759, | ,       2458 ,      4030 
 11538 ,     18207659656,         5813033,  11539 ,     18202575148,         164021, | ,       1687 ,      4262 
 11538 ,     18207661166,         5814543,  11539 ,     18202579218,         168091, | ,       1510 ,      4070 
 11538 ,     18207662652,         5816029,  11539 ,     18202594068,         182941, | ,       1486 ,     14850 
 11538 ,     18207664051,         5817428,  11539 ,     18202597791,         186664, | ,       1399 ,      3723 
 11538 ,     18207665472,         5818849,  11539 ,     18202601900,         190773, | ,       1421 ,      4109 
 11538 ,     18207666865,         5820242,  11539 ,     18202605424,         194297, | ,       1393 ,      3524 
 11538 ,     18207668272,         5821649,  11539 ,     18202609035,         197908, | ,       1407 ,      3611 
 11538 ,     18207669690,         5823067,  11539 ,     18202612811,         201684, | ,       1418 ,      3776 
 11538 ,     18207671071,         5824448,  11539 ,     18202616255,         205128, | ,       1381 ,      3444 
 11538 ,     18207672467,         5825844,  11539 ,     18202619717,         208590, | ,       1396 ,      3462 
 11538 ,     18207673898,         5827275,  11539 ,     18202623288,         212161, | ,       1431 ,      3571 
 11538 ,     18207675308,         5828685,  11539 ,     18202627124,         215997, | ,       1410 ,      3836 
 11538 ,     18207676677,         5830054,  11539 ,     18202630678,         219551, | ,       1369 ,      3554 
 11538 ,     18207678014,         5831391,  11539 ,     18202634308,         223181, | ,       1337 ,      3630 
 11538 ,     18207679329,         5832706,  11539 ,     18202637918,         226791, | ,       1315 ,      3610 
 11538 ,     18207680701,         5834078,  11539 ,     18202641494,         230367, | ,       1372 ,      3576 
 11538 ,     18207682063,         5835440,  11539 ,     18202645058,         233931, | ,       1362 ,      3564 
 11538 ,     18207683430,         5836807,  11539 ,     18202648765,         237638, | ,       1367 ,      3707 
 11538 ,     18207684802,         5838179,  11539 ,     18202652384,         241257, | ,       1372 ,      3619 
 11538 ,     18207686484,         5839861,  11539 ,     18202655990,         244863, | ,       1682 ,      3606 
 11538 ,     18207688526,         5841903,  11539 ,     18202670526,         259399, | ,       2042 ,     14536 
 11538 ,     18207690436,         5843813,  11539 ,     18202674230,         263103, | ,       1910 ,      3704 
 11538 ,     18207692825,         5846202,  11539 ,     18202678003,         266876, | ,       2389 ,      3773 
 11538 ,     18207694723,         5848100,  11539 ,     18202682837,         271710, | ,       1898 ,      4834 
 11538 ,     18207696278,         5849655,  11539 ,     18202688218,         277091, | ,       1555 ,      5381 
 11538 ,     18207698019,         5851396,  11539 ,     18202691984,         280857, | ,       1741 ,      3766 
 11538 ,     18207699814,         5853191,  11539 ,     18202707015,         295888, | ,       1795 ,     15031 
 11538 ,     18207701470,         5854847,  11539 ,     18202711193,         300066, | ,       1656 ,      4178 
 11538 ,     18207703651,         5857028,  11539 ,     18202715812,         304685, | ,       2181 ,      4619 
 11538 ,     18207705418,         5858795,  11539 ,     18202720272,         309145, | ,       1767 ,      4460 
 11538 ,     18207707369,         5860746,  11539 ,     18202724572,         313445, | ,       1951 ,      4300 
 11538 ,     18207709529,         5862906,  11539 ,     18202728840,         317713, | ,       2160 ,      4268 
 11538 ,     18207711884,         5865261,  11539 ,     18202732957,         321830, | ,       2355 ,      4117 
 11538 ,     18207714129,         5867506,  11539 ,     18202737023,         325896, | ,       2245 ,      4066 
 11538 ,     18207716075,         5869452,  11539 ,     18202741564,         330437, | ,       1946 ,      4541 
 11538 ,     18207718341,         5871718,  11539 ,     18202745863,         334736, | ,       2266 ,      4299 
 11538 ,     18207720621,         5873998,  11539 ,     18202750461,         339334, | ,       2280 ,      4598 
 11538 ,     18207722369,         5875746,  11539 ,     18202754527,         343400, | ,       1748 ,      4066 
 11538 ,     18207724619,         5877996,  11539 ,     18202758547,         347420, | ,       2250 ,      4020 
 11538 ,     18207726379,         5879756,  11539 ,     18202762680,         351553, | ,       1760 ,      4133 
 11538 ,     18207728743,         5882120,  11539 ,     18202777480,         366353, | ,       2364 ,     14800 
 11538 ,     18207730700,         5884077,  11539 ,     18202781865,         370738, | ,       1957 ,      4385 
 11538 ,     18207732507,         5885884,  11539 ,     18202786073,         374946, | ,       1807 ,      4208 
 11538 ,     18207734764,         5888141,  11539 ,     18202798868,         387741, | ,       2257 ,      4114 
 11538 ,     18207736916,         5890293,  11539 ,     18202803959,         392832, | ,       2152 ,      5091 
 11538 ,     18207738391,         5891768,  11539 ,     18202807947,         396820, | ,       1475 ,      3988 
 11538 ,     18207740435,         5893812,  11539 ,     18202811520,         400393, | ,       2044 ,      3573 
 11538 ,     18207742600,         5895977,  11539 ,     18202815350,         404223, | ,       2165 ,      3830 
 11538 ,     18207744677,         5898054,  11539 ,     18202830476,         419349, | ,       2077 ,     15126 
 11538 ,     18207746378,         5899755,  11539 ,     18202834735,         423608, | ,       1701 ,      4259 
 11538 ,     18207747776,         5901153,  11539 ,     18202838927,         427800, | ,       1398 ,      4192 
 11538 ,     18207760042,         5913419,  11539 ,     18202842838,         431711, | ,      12266 ,      3911 
 11538 ,     18207761362,         5914739,  11539 ,     18202846508,         435381, | ,       1320 ,      3670 
 11538 ,     18207762765,         5916142,  11539 ,     18202850082,         438955, | ,       1403 ,      3574 
 11538 ,     18207764370,         5917747,  11539 ,     18202853837,         442710, | ,       1605 ,      3755 
 11538 ,     18207765985,         5919362,  11539 ,     18202857675,         446548, | ,       1615 ,      3838 
 11538 ,     18207768044,         5921421,  11539 ,     18202861674,         450547, | ,       2059 ,      3999 
 11538 ,     18207769756,         5923133,  11539 ,     18202865894,         454767, | ,       1712 ,      4220 
 11538 ,     18207771710,         5925087,  11539 ,     18202869927,         458800, | ,       1954 ,      4033 
 11538 ,     18207773597,         5926974,  11539 ,     18202874068,         462941, | ,       1887 ,      4141 
 11538 ,     18207775455,         5928832,  11539 ,     18202878280,         467153, | ,       1858 ,      4212 
 11538 ,     18207777418,         5930795,  11539 ,     18202882573,         471446, | ,       1963 ,      4293 
 11538 ,     18207779810,         5933187,  11539 ,     18202886777,         475650, | ,       2392 ,      4204 
 11538 ,     18207781976,         5935353,  11539 ,     18202891018,         479891, | ,       2166 ,      4241 
 11538 ,     18207783921,         5937298,  11539 ,     18202895195,         484068, | ,       1945 ,      4177 
 11538 ,     18207785746,         5939123,  11539 ,     18202899542,         488415, | ,       1825 ,      4347 
 11538 ,     18207787876,         5941253,  11539 ,     18202903687,         492560, | ,       2130 ,      4145 
 11538 ,     18207789554,         5942931,  11539 ,     18202907804,         496677, | ,       1678 ,      4117 
 11538 ,     18207791529,         5944906,  11539 ,     18202911808,         500681, | ,       1975 ,      4004 
 11538 ,     18207793537,         5946914,  11539 ,     18202916066,         504939, | ,       2008 ,      4258 
 11538 ,     18207795095,         5948472,  11539 ,     18202920227,         509100, | ,       1558 ,      4161 
 11538 ,     18207797145,         5950522,  11539 ,     18202924408,         513281, | ,       2050 ,      4181 
 11538 ,     18207799473,         5952850,  11539 ,     18202928462,         517335, | ,       2328 ,      4054 
 11538 ,     18207801603,         5954980,  11539 ,     18202932665,         521538, | ,       2130 ,      4203 
 11538 ,     18207803658,         5957035,  11539 ,     18202936770,         525643, | ,       2055 ,      4105 
 11538 ,     18207805723,         5959100,  11539 ,     18202941004,         529877, | ,       2065 ,      4234 
 11538 ,     18207807810,         5961187,  11539 ,     18202945289,         534162, | ,       2087 ,      4285 
 11538 ,     18207809816,         5963193,  11539 ,     18202949524,         538397, | ,       2006 ,      4235 
 11538 ,     18207948624,         6102001,      0 ,               0,              0, | ,     138808 ,         0 
