p_pid	p_vrt	      p_sum_exe_rt   n_pid    n_vrt  	n_sum_exe_rt|	prev_tslice next_tslice  CPU
 10445 ,     13972339533,           36353,  10444 ,     13963303186,         182321, | ,      36353 ,    182321 
 10445 ,     13972410986,          107806,     32 ,               0,       40420484, | ,      71453 ,      6564 
 10445 ,     13864448195,          406142,     16 ,               0,       35497125, | ,     298336 ,     14823 
 10445 ,     15768650135,         1217514,   5735 ,    977752643018,       23512355, | ,     811372 ,      7338 
 10445 ,     15780610621,        13178000,  10446 ,     15767886120,          94173, | ,   11960486 ,      7102 
 10445 ,     15780614438,        13181817,  10446 ,     15771614438,         112586, | ,       3817 ,      8990 
 10445 ,     15780616516,        13183895,  10446 ,     15771628615,         126763, | ,       2078 ,     14177 
 10445 ,     15780618838,        13186217,  10446 ,     15771634416,         132564, | ,       2322 ,      5801 
 10445 ,     15780621394,        13188773,  10446 ,     15771640791,         138939, | ,       2556 ,      6375 
 10445 ,     15780623149,        13190528,  10446 ,     15771647205,         145353, | ,       1755 ,      6414 
 10445 ,     15780624552,        13191931,  10446 ,     15771651427,         149575, | ,       1403 ,      4222 
 10445 ,     15780625805,        13193184,  10446 ,     15771655150,         153298, | ,       1253 ,      3723 
 10445 ,     15780627239,        13194618,  10446 ,     15771658688,         156836, | ,       1434 ,      3538 
 10445 ,     15780628601,        13195980,  10446 ,     15771662286,         160434, | ,       1362 ,      3598 
 10445 ,     15780630489,        13197868,  10446 ,     15771665957,         164105, | ,       1888 ,      3671 
 10445 ,     15780632567,        13199946,  10446 ,     15771672595,         170743, | ,       2078 ,      6638 
 10445 ,     15780634458,        13201837,  10446 ,     15771678014,         176162, | ,       1891 ,      5419 
 10445 ,     15780636130,        13203509,  10446 ,     15771683811,         181959, | ,       1672 ,      5797 
 10445 ,     15780638069,        13205448,  10446 ,     15771687798,         185946, | ,       1939 ,      3987 
 10445 ,     15780640276,        13207655,  10446 ,     15771695199,         193347, | ,       2207 ,      7401 
 10445 ,     15780643892,        13211271,  10446 ,     15771712431,         210579, | ,       3616 ,      9389 
 10445 ,     15780647778,        13215157,  10446 ,     15771719502,         217650, | ,       3886 ,      7071 
 10445 ,     15780650611,        13217990,  10446 ,     15771748376,         246524, | ,       2833 ,     22276 
 10445 ,     15780652659,        13220038,  10446 ,     15771752641,         250789, | ,       2048 ,      4265 
 10445 ,     15780655067,        13222446,  10446 ,     15771758254,         256402, | ,       2408 ,      5613 
 10445 ,     15780657532,        13224911,  10446 ,     15771762382,         260530, | ,       2465 ,      4128 
 10445 ,     15780659864,        13227243,  10446 ,     15771767735,         265883, | ,       2332 ,      5353 
 10445 ,     15780662418,        13229797,  10446 ,     15771773887,         272035, | ,       2554 ,      6152 
 10445 ,     15780665232,        13232611,  10446 ,     15771780265,         278413, | ,       2814 ,      6378 
 10445 ,     15780668024,        13235403,  10446 ,     15771785981,         284129, | ,       2792 ,      5716 
 10445 ,     15780669869,        13237248,  10446 ,     15771790399,         288547, | ,       1845 ,      4418 
 10445 ,     15780674003,        13241382,  10446 ,     15771795281,         293429, | ,       4134 ,      4882 
 10445 ,     15780676971,        13244350,  10446 ,     15771806492,         304640, | ,       2968 ,      6809 
 10445 ,     15780678783,        13246162,  10446 ,     15771810924,         309072, | ,       1812 ,      4432 
 10445 ,     15780680247,        13247626,  10446 ,     15771814354,         312502, | ,       1464 ,      3430 
 10445 ,     15780682032,        13249411,  10446 ,     15771818294,         316442, | ,       1785 ,      3940 
 10445 ,     15780683342,        13250721,  10446 ,     15771823042,         321190, | ,       1310 ,      4748 
 10445 ,     15780684895,        13252274,  10446 ,     15771827620,         325768, | ,       1553 ,      4578 
 10445 ,     15780688774,        13256153,  10446 ,     15771834401,         332549, | ,       3879 ,      6781 
 10445 ,     15780690628,        13258007,  10446 ,     15771840494,         338642, | ,       1854 ,      6093 
 10445 ,     15780693396,        13260775,  10446 ,     15771866386,         364534, | ,       2768 ,     20707 
 10445 ,     15780695261,        13262640,  10446 ,     15771871209,         369357, | ,       1865 ,      4823 
 10445 ,     15780697413,        13264792,  10446 ,     15771875407,         373555, | ,       2152 ,      4198 
 10445 ,     15780699425,        13266804,  10446 ,     15771881651,         379799, | ,       2012 ,      6244 
 10445 ,     15780701411,        13268790,  10446 ,     15771888194,         386342, | ,       1986 ,      6543 
 10445 ,     15780703099,        13270478,  10446 ,     15771893958,         392106, | ,       1688 ,      5764 
 10445 ,     15780704994,        13272373,  10446 ,     15771898551,         396699, | ,       1895 ,      4593 
 10445 ,     15780706731,        13274110,  10446 ,     15771905167,         403315, | ,       1737 ,      6616 
 10445 ,     15780709374,        13276753,  10446 ,     15771911604,         409752, | ,       2643 ,      6437 
 10445 ,     15780711515,        13278894,  10446 ,     15771915606,         413754, | ,       2141 ,      4002 
 10445 ,     15780716763,        13284142,  10446 ,     15771925999,         424147, | ,       5248 ,     10393 
 10445 ,     15780718674,        13286053,  10446 ,     15771930425,         428573, | ,       1911 ,      4426 
 10445 ,     15780719916,        13287295,  10446 ,     15771934830,         432978, | ,       1242 ,      4405 
 10445 ,     15780723219,        13290598,  10446 ,     15771941412,         439560, | ,       3303 ,      6582 
 10445 ,     15780725012,        13292391,  10446 ,     15771946664,         444812, | ,       1793 ,      5252 
 10445 ,     15780726472,        13293851,  10446 ,     15771950793,         448941, | ,       1460 ,      4129 
 10445 ,     15780728245,        13295624,  10446 ,     15771954832,         452980, | ,       1773 ,      4039 
 10445 ,     15780730169,        13297548,  10446 ,     15771958378,         456526, | ,       1924 ,      3546 
 10445 ,     15780732137,        13299516,  10446 ,     15771961900,         460048, | ,       1968 ,      3522 
 10445 ,     15780849014,        13416393,      0 ,               0,              0, | ,     116877 ,         0 
